# PSIPRED VFORMAT (PSIPRED V2.6 by David Jones)
 
   1 E U   0.738  0.018  0.244
   2 V U   0.311  0.020  0.668
   3 Q U   0.575  0.068  0.357
   4 L S   0.387  0.173  0.440
   5 V S   0.336  0.064  0.599
   6 E S   0.396  0.071  0.533
   7 S U   0.691  0.123  0.186
   8 G U   0.897  0.039  0.064
   9 P U   0.783  0.060  0.157
  10 G U   0.759  0.034  0.207
  11 L U   0.677  0.019  0.304
  12 V U   0.603  0.026  0.371
  13 K U   0.550  0.018  0.432
  14 P U   0.652  0.052  0.296
  15 S U   0.585  0.316  0.099
  16 D U   0.617  0.253  0.130
  17 I U   0.533  0.215  0.252
  18 L U   0.510  0.218  0.272
  19 S S   0.306  0.071  0.624
  20 L S   0.225  0.109  0.667
  21 T S   0.121  0.121  0.758
  22 C S   0.124  0.112  0.764
  23 A S   0.075  0.085  0.840
  24 V S   0.141  0.045  0.814
  25 S S   0.276  0.066  0.657
  26 G U   0.753  0.017  0.229
  27 Y U   0.812  0.053  0.135
  28 S S   0.332  0.121  0.547
  29 I S   0.301  0.060  0.639
  30 S U   0.634  0.135  0.232
  31 S U   0.778  0.087  0.135
  32 N U   0.740  0.122  0.138
  33 Y U   0.424  0.333  0.243
  34 Y U   0.415  0.355  0.229
  35 W U   0.296  0.319  0.385
  36 G U   0.502  0.218  0.280
  37 W H   0.149  0.714  0.137
  38 I H   0.163  0.674  0.163
  39 R S   0.150  0.124  0.726
  40 Q S   0.402  0.088  0.510
  41 P U   0.446  0.194  0.360
  42 P U   0.738  0.167  0.095
  43 G U   0.815  0.155  0.030
  44 K U   0.800  0.088  0.111
  45 G U   0.859  0.033  0.108
  46 L U   0.168  0.487  0.345
  47 E S   0.083  0.375  0.542
  48 W S   0.017  0.354  0.630
  49 I S   0.150  0.163  0.687
  50 G S   0.275  0.127  0.598
  51 S S   0.132  0.067  0.801
  52 I S   0.069  0.067  0.865
  53 Y S   0.142  0.097  0.761
  54 H S   0.239  0.063  0.698
  55 S U   0.493  0.056  0.451
  56 G U   0.747  0.111  0.142
  57 S U   0.627  0.151  0.222
  58 T U   0.412  0.126  0.462
  59 Y U   0.701  0.116  0.184
  60 Y U   0.734  0.076  0.189
  61 K U   0.750  0.078  0.172
  62 P U   0.646  0.166  0.188
  63 S U   0.634  0.178  0.188
  64 L U   0.549  0.215  0.236
  65 E U   0.601  0.100  0.299
  66 S S   0.282  0.106  0.612
  67 R S   0.238  0.079  0.683
  68 L S   0.067  0.043  0.890
  69 G S   0.097  0.096  0.808
  70 I S   0.048  0.062  0.890
  71 S S   0.065  0.032  0.903
  72 V S   0.102  0.032  0.866
  73 D S   0.168  0.104  0.728
  74 T U   0.652  0.173  0.175
  75 S U   0.822  0.079  0.099
  76 K U   0.754  0.127  0.119
  77 N U   0.585  0.233  0.182
  78 Q U   0.500  0.258  0.242
  79 F S   0.201  0.106  0.693
  80 S S   0.201  0.132  0.667
  81 L S   0.176  0.107  0.717
  82 K S   0.325  0.110  0.565
  83 L S   0.194  0.142  0.663
  84 S U   0.435  0.237  0.328
  85 F U   0.407  0.242  0.351
  86 V U   0.282  0.579  0.139
  87 S U   0.579  0.086  0.336
  88 A U   0.302  0.356  0.342
  89 A U   0.629  0.286  0.085
  90 D U   0.779  0.137  0.084
  91 T U   0.401  0.255  0.343
  92 A S   0.114  0.302  0.584
  93 V S   0.033  0.110  0.857
  94 Y S   0.059  0.217  0.723
  95 Y S   0.073  0.161  0.766
  96 C S   0.111  0.163  0.726
  97 A S   0.273  0.140  0.588
  98 R S   0.404  0.079  0.517
  99 H S   0.435  0.081  0.484
 100 V U   0.565  0.134  0.302
 101 R U   0.821  0.069  0.111
 102 S U   0.846  0.068  0.087
 103 G U   0.873  0.055  0.072
 104 Y U   0.745  0.099  0.156
 105 P U   0.847  0.064  0.089
 106 D U   0.757  0.106  0.137
 107 T U   0.719  0.142  0.139
 108 A U   0.675  0.106  0.219
 109 Y U   0.563  0.167  0.270
 110 Y U   0.491  0.097  0.413
 111 F U   0.471  0.215  0.315
 112 D U   0.332  0.120  0.548
 113 K U   0.549  0.194  0.257
 114 W U   0.556  0.140  0.304
 115 G U   0.749  0.102  0.149
 116 Q U   0.564  0.159  0.277
 117 G U   0.586  0.021  0.393
 118 T S   0.126  0.032  0.842
 119 L S   0.029  0.017  0.954
 120 V S   0.018  0.014  0.968
 121 T S   0.063  0.039  0.898
 122 V S   0.087  0.043  0.870
 123 S S   0.226  0.081  0.694
 124 S S   0.339  0.060  0.601
 125 A U   0.757  0.107  0.136
